288 SCRIPTA ΑΙ) ἨΤΑΜΠ OBITUM MELANTH. m

’ 1888 888888, 888 888 mit [ciuem 888888 888 88 888. 888 8888 8888, 88 8888888888 888 88 mit 88. 1188
88888888 888 8 fid) biuuntet in [ein 8888888888 888 888 888888 8888 [feben 88818888, 88 et 88888 888
888, 8α 888 8888888ῑί8 8888. 888 8888 et 888888 88888888888818888888888. 8888888 888 8888·
8ἰ8 888 8888, 888 [888 88 888888 888 888888, 888 88188888888888 88 8888888 888 81888Πί8ωαί
888 888 88888818 888888, mie 88 88 8888888888 888 Professores 8888 8888 88888.

888, 888 et 8888888, 88888888 8888 888 8888 888 iba 88 888 88 8888 8888, 888 888 &chet-micon
888 um 8888. 888 88 8 88888, bitt 8 88888 888888 888, 88 888 8888888 888 888888 88888,
8888888, {einen 8888, 888 8 888 bie 8888 net: 888 88 888 8888 in 888 88888888, 888 mit 888 8888
888888 [out. 3888 8888888 8888 et 88888 888 88 88 888888 8888 888 mit 888 8888 8888888. θα
888 888 gu 88888888. Ι 818 888 888 88888888 888, lag 8 ein 8888 888 8888. wicht 1888 88888, 88 8
888888 8 8888 88888 888888, 888 888 8888 888 888 8888 8888888, 888 8 88888 8888 888 88888888
888888 888 8888888888888138888 888888 ges 88888, 888888 888 88888888 8888, 8888 888,
8888, 888 888, 88 8888 888 88881, 888888 888 88 888 8888888 888 8888 8888 8888 888 88888888
888 888888 881ῐί888 888 8888888. ,8881888888 88888. 8888888888888888 88888888, 888888
88888 [888 8818888888 188888, mie 8 88 8888 88 8888888 888 888888 888888 888 88888 888888 88,
§legs 3¹¹ 8888 88888, 8888 8 8888888 8888 , 888 888 et 888) 888 888 [cim-m 8888 mit 8888888888 888
8888, 8 8888 8 888 888 8888888 88888 888888 8 8888888888 888888 88888888 888 888888 88,
888888 88888Ιί8 88888. 818ῑί88 88888888 88888 88 88 8888888 mazou 8888 888. 888
8888888, 8888888 8 88888, 888 8 888888 888 [nutet 888 ¹²):

88 88888 8888888888 88888888 88888888ἵ88888 ,8888888888 88888 888888 888 88888888.
888 [88888188 8888888 &istim [888 888 8888 »88 (888, 8888888 888888· 888 88888, 888888
888888 88888888 Medico 88 88888, bie 8888 88888888, sumt 888888 guid) ewigen 88888 &obn
888888 88888, 88 ,8888 ς8888888 88 88888. »88888 8888 3888 88888, 88 88 888 88888888
888 8888 888 et mauthaici 888 bei 888 881888 &tum ,888 888 888 8888888 88888888 88, 888 otium
88, 888 8888 8888 88888, 888 et 888 8888 888 »88888888 888888 888 8888888888 heiligen 888,
88 8888 888888 (88888 8888 888 888 8888 8888888 „bu 88888, 88888, 8888888888, 888888 888 gt:
8888 888888888888 88888, 8 88888888 888 888 ,88888 (888, 88 8888888, 88888 888 {mtrem
bie 888888 &toth 88 888888 888 88888 88 88888888 8881888, 888 8888 88888 888 83888 gegeben 8888,
888, hiemi( 8 8888, 888 888 8 88888888 88888 ,‚ 88 888 88888 id) will nid)t 888 (888888 888, fou·
(88888 8888888, bie 888888 88888, 888 bie 88888 »888 888 8 88 88888 888 888. hem, 8888888
888 88888 8888 8888 888 888818 8888888. 888 „un ἰ8 88 &it 88 8888, 888188 888 888888
8 8888 888888 88 8888, 888 8 8888, 888 8888 ¹ „Dit 888888 id) 8888 88 888 8888 88888, 88888
888 8888888888 8888 in 88888 888888 8888 (88888 „viden 88888 888888 888 8888 88 888 8888888888
(88888 88888 888 8888188888 8888. 1188 8888 888 „mim-t 8888 88Ιί88 888888 88888, 888 88 888 888
tet, 8 888888, 8888888888 8888888888888188 88888188, 888 id) 888 88888 8888, 888 888
888888888888888818888888888888888 888888 md), 888 88 888 88 8888 18888 88888, 88888 ’
8888888888 8888 88 &tatur 88888888. 888 88 „tiebat ,8888 888 8888888, 38888 88888, millen,
888 8888 mit 8888888 &imme , 888 88888 in 88888 „bet 88 888 888 8888 8888888, 888 888 88 &ohta
8888888 bie 888888 (88818888 88888 888 858888· „micon 88888888 88888 88, 888 mid) 888888
838888, 88888 8888 888 888888 3888 88888. ,888888 888 8888 mit meine &mbo 8888888 888 ’
88888888 88 sie 8888888 88888, 8888 et 88, 888 88 „mich 88888 888888 8888 88888 88888888 SM·
888 888 888888 88 8888888 8888888 88888, 88 ct ,88888 millen, 88888 88888, 88 888 8888888818
8888888 88888 88888 888 geminum 8888, einen 8888 ,888 8888888 88, 888 88 888 88 888 888 ῧ888,
. 88 88 8888. 888 8888 88888 88, 8888888 88 888888, 88888, ,888888 888 &stigmam 8888
8888888. 888 88 8888 888 8888 88888 [ein] ,,,88[188, ’888 8888888888 888 888αό888888
8888888, 888 888 888 888888 8888 8888888 8888 η88888 888 8888888888 8888888 888 (888888
88 88888 ste 888 88888 888 888888 8888 888888 888 , wm— - ·›

8888888, 888 88888888 888, 888 8 88 8888, 888 ³

888888 888 8888888, 888 et 88888 88 bie 8888 888 ξ ¹²22¹32{!¹³?‡¹⁰151’„f,2‘2¹;’535,*¹3³3·-⁸⁶¹·³⁹¹⁵¹³¹5& quamquam
&bulbum moun αἰῶ wemma: miemblid) mem! Ι 'ip asme, quo uertne vernaculo

88 12 no 8888888 compositum, &finire 8818.

 

